macro = 0.7435846467325365
per_class = {'Future': (0.75, 0.75, 0.75, None), 'Background': (0.8412698412698413, 0.8983050847457628, 0.8688524590163934, None), 'Uses': (0.7692307692307693, 0.9523809523809523, 0.851063829787234, None), 'Extends': (1.0, 0.25, 0.4, None), 'Motivation': (1.0, 0.8, 0.8888888888888888, None), 'CompareOrContrast': (0.8125, 0.6190476190476191, 0.7027027027027027, None)}
strict = 0.8245614035087719
weak = 0.8245614035087719
